0.000000, 1.000100, 0.000100, 0.000100
0.020000, 1.000000, 0.010100, 0.000150
0.040000, 0.999700, 0.020096, 0.000300
0.060000, 0.999200, 0.030087, 0.000550
0.080000, 0.998501, 0.040068, 0.000900
0.100000, 0.997602, 0.050038, 0.001349
0.120000, 0.996503, 0.059992, 0.001898
0.140000, 0.995206, 0.069929, 0.002546
0.160000, 0.993710, 0.079844, 0.003293
0.180000, 0.992016, 0.089736, 0.004139
0.200000, 0.990125, 0.099601, 0.005083
0.220000, 0.988037, 0.109436, 0.006126
0.240000, 0.985752, 0.119238, 0.007266
0.260000, 0.983271, 0.129005, 0.008502
0.280000, 0.980596, 0.138732, 0.009836
0.300000, 0.977726, 0.148419, 0.011266
0.320000, 0.974663, 0.158061, 0.012791
0.340000, 0.971408, 0.167655, 0.014411
0.360000, 0.967961, 0.177200, 0.016126
0.380000, 0.964324, 0.186691, 0.017934
0.400000, 0.960498, 0.196127, 0.019835
0.420000, 0.956484, 0.205503, 0.021828
0.440000, 0.952283, 0.214819, 0.023912
0.460000, 0.947896, 0.224070, 0.026087
0.480000, 0.943324, 0.233254, 0.028351
0.500000, 0.938570, 0.242368, 0.030704
0.520000, 0.933634, 0.251410, 0.033145
0.540000, 0.928518, 0.260377, 0.035672
0.560000, 0.923223, 0.269266, 0.038286
0.580000, 0.917752, 0.278075, 0.040984
0.600000, 0.912105, 0.286801, 0.043765
0.620000, 0.906284, 0.295441, 0.046629
0.640000, 0.900292, 0.303993, 0.049575
0.660000, 0.894129, 0.312455, 0.052600
0.680000, 0.887798, 0.320823, 0.055705
0.700000, 0.881301, 0.329096, 0.058887
0.720000, 0.874639, 0.337270, 0.062146
0.740000, 0.867815, 0.345345, 0.065479
0.760000, 0.860830, 0.353316, 0.068887
0.780000, 0.853687, 0.361183, 0.072367
0.800000, 0.846387, 0.368942, 0.075918
0.820000, 0.838934, 0.376592, 0.079538
0.840000, 0.831328, 0.384129, 0.083227
0.860000, 0.823573, 0.391553, 0.086982
0.880000, 0.815671, 0.398860, 0.090802
0.900000, 0.807624, 0.406050, 0.094686
0.920000, 0.799434, 0.413118, 0.098632
0.940000, 0.791104, 0.420065, 0.102638
0.960000, 0.782636, 0.426887, 0.106704
0.980000, 0.774033, 0.433583, 0.110826
1.000000, 0.765298, 0.440151, 0.115003
1.020000, 0.756432, 0.446588, 0.119235
1.040000, 0.747439, 0.452894, 0.123519
1.060000, 0.738321, 0.459066, 0.127852
1.080000, 0.729081, 0.465103, 0.132235
1.100000, 0.719722, 0.471002, 0.136664
1.120000, 0.710246, 0.476763, 0.141138
1.140000, 0.700656, 0.482384, 0.145656
1.160000, 0.690956, 0.487863, 0.150215
1.180000, 0.681147, 0.493198, 0.154813
1.200000, 0.671233, 0.498389, 0.159449
1.220000, 0.661216, 0.503434, 0.164121
1.240000, 0.651100, 0.508331, 0.168826
1.260000, 0.640888, 0.513079, 0.173564
1.280000, 0.630582, 0.517677, 0.178331
1.300000, 0.620186, 0.522123, 0.183127
1.320000, 0.609702, 0.526417, 0.187948
1.340000, 0.599134, 0.530558, 0.192794
1.360000, 0.588485, 0.534544, 0.197662
1.380000, 0.577758, 0.538374, 0.202550
1.400000, 0.566955, 0.542048, 0.207456
1.420000, 0.556081, 0.545564, 0.212378
1.440000, 0.545138, 0.548921, 0.217314
1.460000, 0.534129, 0.552120, 0.222263
1.480000, 0.523058, 0.555159, 0.227221
1.500000, 0.511928, 0.558037, 0.232188
1.520000, 0.500742, 0.560753, 0.237160
1.540000, 0.489503, 0.563308, 0.242136
1.560000, 0.478214, 0.565700, 0.247114
1.580000, 0.466880, 0.567930, 0.252092
1.600000, 0.455502, 0.569996, 0.257068
1.620000, 0.444085, 0.571898, 0.262039
1.640000, 0.432631, 0.573637, 0.267004
1.660000, 0.421145, 0.575211, 0.271960
1.680000, 0.409628, 0.576620, 0.276906
1.700000, 0.398085, 0.577865, 0.281839
1.720000, 0.386518, 0.578945, 0.286757
1.740000, 0.374932, 0.579860, 0.291659
1.760000, 0.363329, 0.580611, 0.296542
1.780000, 0.351713, 0.581196, 0.301404
1.800000, 0.340086, 0.581617, 0.306244
1.820000, 0.328453, 0.581873, 0.311058
1.840000, 0.316817, 0.581965, 0.315845
1.860000, 0.305180, 0.581893, 0.320604
1.880000, 0.293546, 0.581657, 0.325331
1.900000, 0.281919, 0.581257, 0.330026
1.920000, 0.270301, 0.580695, 0.334685
1.940000, 0.258696, 0.579970, 0.339308
1.960000, 0.247107, 0.579083, 0.343891
1.980000, 0.235538, 0.578034, 0.348434
2.000000, 0.223991, 0.576825, 0.352934
2.020000, 0.212470, 0.575455, 0.357389
2.040000, 0.200978, 0.573927, 0.361798
2.060000, 0.189518, 0.572239, 0.366157
2.080000, 0.178093, 0.570394, 0.370467
2.100000, 0.166707, 0.568392, 0.374724
2.120000, 0.155362, 0.566234, 0.378926
2.140000, 0.144063, 0.563921, 0.383073
2.160000, 0.132811, 0.561454, 0.387162
2.180000, 0.121609, 0.558835, 0.391191
2.200000, 0.110462, 0.556063, 0.395159
2.220000, 0.099372, 0.553141, 0.399063
2.240000, 0.088342, 0.550070, 0.402903
2.260000, 0.077374, 0.546850, 0.406676
2.280000, 0.066473, 0.543484, 0.410380
2.300000, 0.055640, 0.539973, 0.414015
2.320000, 0.044879, 0.536317, 0.417577
2.340000, 0.034192, 0.532519, 0.421067
2.360000, 0.023583, 0.528580, 0.424482
2.380000, 0.013054, 0.524502, 0.427820
2.400000, 0.002608, 0.520285, 0.431080
2.420000, -0.007753, 0.515933, 0.434261
2.440000, -0.018025, 0.511446, 0.437360
2.460000, -0.028206, 0.506826, 0.440378
2.480000, -0.038293, 0.502074, 0.443311
2.500000, -0.048284, 0.497194, 0.446159
2.520000, -0.058176, 0.492186, 0.448920
2.540000, -0.067966, 0.487053, 0.451594
2.560000, -0.077653, 0.481796, 0.454178
2.580000, -0.087233, 0.476417, 0.456671
2.600000, -0.096705, 0.470918, 0.459073
2.620000, -0.106065, 0.465302, 0.461381
2.640000, -0.115312, 0.459570, 0.463596
2.660000, -0.124443, 0.453725, 0.465714
2.680000, -0.133457, 0.447768, 0.467737
2.700000, -0.142349, 0.441701, 0.469662
2.720000, -0.151120, 0.435528, 0.471488
2.740000, -0.159766, 0.429250, 0.473214
2.760000, -0.168285, 0.422869, 0.474840
2.780000, -0.176676, 0.416388, 0.476364
2.800000, -0.184936, 0.409809, 0.477785
2.820000, -0.193064, 0.403135, 0.479104
2.840000, -0.201057, 0.396367, 0.480318
2.860000, -0.208914, 0.389508, 0.481427
2.880000, -0.216633, 0.382561, 0.482430
2.900000, -0.224212, 0.375527, 0.483327
2.920000, -0.231649, 0.368411, 0.484117
2.940000, -0.238943, 0.361213, 0.484799
2.960000, -0.246093, 0.353937, 0.485372
2.980000, -0.253096, 0.346585, 0.485836
3.000000, -0.259952, 0.339159, 0.486191
3.020000, -0.266658, 0.331663, 0.486436
3.040000, -0.273214, 0.324098, 0.486571
3.060000, -0.279618, 0.316468, 0.486594
3.080000, -0.285868, 0.308775, 0.486506
3.100000, -0.291964, 0.301021, 0.486307
3.120000, -0.297905, 0.293210, 0.485996
3.140000, -0.303688, 0.285344, 0.485572
3.160000, -0.309314, 0.277426, 0.485037
3.180000, -0.314781, 0.269458, 0.484389
3.200000, -0.320088, 0.261443, 0.483628
3.220000, -0.325235, 0.253384, 0.482754
3.240000, -0.330219, 0.245284, 0.481768
3.260000, -0.335042, 0.237146, 0.480668
3.280000, -0.339701, 0.228971, 0.479456
3.300000, -0.344196, 0.220763, 0.478132
3.320000, -0.348527, 0.212525, 0.476694
3.340000, -0.352693, 0.204260, 0.475145
3.360000, -0.356693, 0.195970, 0.473483
3.380000, -0.360528, 0.187657, 0.471708
3.400000, -0.364196, 0.179326, 0.469823
3.420000, -0.367697, 0.170978, 0.467825
3.440000, -0.371031, 0.162616, 0.465717
3.460000, -0.374197, 0.154244, 0.463498
3.480000, -0.377196, 0.145863, 0.461168
3.500000, -0.380028, 0.137478, 0.458729
3.520000, -0.382691, 0.129089, 0.456181
3.540000, -0.385187, 0.120701, 0.453523
3.560000, -0.387515, 0.112316, 0.450758
3.580000, -0.389676, 0.103936, 0.447885
3.600000, -0.391669, 0.095566, 0.444905
3.620000, -0.393495, 0.087206, 0.441819
3.640000, -0.395153, 0.078860, 0.438628
3.660000, -0.396645, 0.070531, 0.435332
3.680000, -0.397971, 0.062222, 0.431932
3.700000, -0.399130, 0.053934, 0.428430
3.720000, -0.400124, 0.045671, 0.424825
3.740000, -0.400953, 0.037436, 0.421119
3.760000, -0.401618, 0.029231, 0.417313
3.780000, -0.402119, 0.021058, 0.413408
3.800000, -0.402456, 0.012921, 0.409404
3.820000, -0.402632, 0.004822, 0.405304
3.840000, -0.402646, -0.003237, 0.401108
3.860000, -0.402499, -0.011252, 0.396817
3.880000, -0.402192, -0.019222, 0.392432
3.900000, -0.401726, -0.027144, 0.387955
3.920000, -0.401102, -0.035015, 0.383386
3.940000, -0.400322, -0.042833, 0.378728
3.960000, -0.399385, -0.050595, 0.373982
3.980000, -0.398294, -0.058300, 0.369148
4.000000, -0.397050, -0.065943, 0.364228
4.020000, -0.395653, -0.073524, 0.359224
4.040000, -0.394105, -0.081040, 0.354137
4.060000, -0.392408, -0.088488, 0.348968
4.080000, -0.390562, -0.095867, 0.343720
4.100000, -0.388570, -0.103173, 0.338392
4.120000, -0.386432, -0.110405, 0.332988
4.140000, -0.384150, -0.117561, 0.327509
4.160000, -0.381726, -0.124638, 0.321956
4.180000, -0.379161, -0.131634, 0.316330
4.200000, -0.376457, -0.138547, 0.310635
4.220000, -0.373616, -0.145375, 0.304870
4.240000, -0.370639, -0.152116, 0.299039
4.260000, -0.367528, -0.158768, 0.293142
4.280000, -0.364285, -0.165329, 0.287181
4.300000, -0.360911, -0.171797, 0.281159
4.320000, -0.357409, -0.178169, 0.275077
4.340000, -0.353781, -0.184446, 0.268937
4.360000, -0.350028, -0.190623, 0.262740
4.380000, -0.346153, -0.196700, 0.256490
4.400000, -0.342157, -0.202676, 0.250186
4.420000, -0.338042, -0.208547, 0.243832
4.440000, -0.333812, -0.214312, 0.237429
4.460000, -0.329467, -0.219971, 0.230980
4.480000, -0.325010, -0.225521, 0.224486
4.500000, -0.320443, -0.230960, 0.217949
4.520000, -0.315768, -0.236288, 0.211371
4.540000, -0.310988, -0.241503, 0.204755
4.560000, -0.306104, -0.246603, 0.198102
4.580000, -0.301120, -0.251586, 0.191414
4.600000, -0.296038, -0.256453, 0.184693
4.620000, -0.290859, -0.261201, 0.177942
4.640000, -0.285587, -0.265828, 0.171162
4.660000, -0.280223, -0.270335, 0.164356
4.680000, -0.274770, -0.274720, 0.157526
4.700000, -0.269231, -0.278981, 0.150673
4.720000, -0.263608, -0.283117, 0.143800
4.740000, -0.257903, -0.287129, 0.136909
4.760000, -0.252119, -0.291013, 0.130003
4.780000, -0.246259, -0.294771, 0.123082
4.800000, -0.240325, -0.298400, 0.116150
4.820000, -0.234320, -0.301900, 0.109209
4.840000, -0.228246, -0.305270, 0.102260
4.860000, -0.222106, -0.308510, 0.095306
4.880000, -0.215903, -0.311618, 0.088349
4.900000, -0.209638, -0.314595, 0.081392
4.920000, -0.203316, -0.317439, 0.074435
4.940000, -0.196938, -0.320150, 0.067482
4.960000, -0.190507, -0.322727, 0.060535
4.980000, -0.184025, -0.325170, 0.053595
5.000000, -0.177497, -0.327479, 0.046665
5.020000, -0.170923, -0.329653, 0.039747
5.040000, -0.164308, -0.331692, 0.032844
5.060000, -0.157652, -0.333596, 0.025957
5.080000, -0.150961, -0.335365, 0.019088
5.100000, -0.144235, -0.336997, 0.012240
5.120000, -0.137478, -0.338494, 0.005414
5.140000, -0.130692, -0.339855, -0.001386
5.160000, -0.123880, -0.341080, -0.008160
5.180000, -0.117046, -0.342169, -0.014905
5.200000, -0.110190, -0.343123, -0.021618
5.220000, -0.103318, -0.343941, -0.028299
5.240000, -0.096430, -0.344623, -0.034944
5.260000, -0.089530, -0.345171, -0.041552
5.280000, -0.082620, -0.345583, -0.048121
5.300000, -0.075703, -0.345861, -0.054648
5.320000, -0.068782, -0.346004, -0.061132
5.340000, -0.061860, -0.346014, -0.067571
5.360000, -0.054939, -0.345890, -0.073962
5.380000, -0.048021, -0.345634, -0.080304
5.400000, -0.041110, -0.345245, -0.086595
5.420000, -0.034208, -0.344724, -0.092833
5.440000, -0.027318, -0.344073, -0.099016
5.460000, -0.020442, -0.343290, -0.105142
5.480000, -0.013583, -0.342379, -0.111209
5.500000, -0.006744, -0.341338, -0.117215
5.520000, 0.000073, -0.340170, -0.123160
5.540000, 0.006866, -0.338874, -0.129039
5.560000, 0.013632, -0.337452, -0.134853
5.580000, 0.020367, -0.335904, -0.140599
5.600000, 0.027071, -0.334233, -0.146275
5.620000, 0.033740, -0.332438, -0.151881
5.640000, 0.040372, -0.330521, -0.157413
5.660000, 0.046964, -0.328483, -0.162871
5.680000, 0.053514, -0.326324, -0.168252
5.700000, 0.060020, -0.324048, -0.173556
5.720000, 0.066479, -0.321653, -0.178780
5.740000, 0.072889, -0.319143, -0.183924
5.760000, 0.079248, -0.316518, -0.188985
5.780000, 0.085553, -0.313779, -0.193962
5.800000, 0.091803, -0.310928, -0.198854
5.820000, 0.097994, -0.307966, -0.203658
5.840000, 0.104124, -0.304895, -0.208375
5.860000, 0.110193, -0.301717, -0.213002
5.880000, 0.116196, -0.298432, -0.217538
5.900000, 0.122133, -0.295042, -0.221982
5.920000, 0.128001, -0.291550, -0.226332
5.940000, 0.133799, -0.287956, -0.230587
5.960000, 0.139523, -0.284263, -0.234747
5.980000, 0.145173, -0.280472, -0.238809
6.000000, 0.150745, -0.276584, -0.242773
6.020000, 0.156239, -0.272602, -0.246638
6.040000, 0.161653, -0.268527, -0.250402
6.060000, 0.166984, -0.264361, -0.254065
6.080000, 0.172231, -0.260107, -0.257625
6.100000, 0.177391, -0.255765, -0.261082
6.120000, 0.182465, -0.251338, -0.264434
6.140000, 0.187448, -0.246827, -0.267681
6.160000, 0.192341, -0.242236, -0.270822
6.180000, 0.197141, -0.237565, -0.273855
6.200000, 0.201847, -0.232817, -0.276782
6.220000, 0.206457, -0.227993, -0.279599
6.240000, 0.210970, -0.223096, -0.282308
6.260000, 0.215385, -0.218128, -0.284906
6.280000, 0.219699, -0.213091, -0.287394
6.300000, 0.223912, -0.207987, -0.289771
6.320000, 0.228022, -0.202818, -0.292037
6.340000, 0.232028, -0.197586, -0.294190
6.360000, 0.235929, -0.192294, -0.296231
6.380000, 0.239724, -0.186944, -0.298158
6.400000, 0.243411, -0.181538, -0.299972
6.420000, 0.246989, -0.176077, -0.301673
6.440000, 0.250457, -0.170565, -0.303259
6.460000, 0.253815, -0.165004, -0.304731
6.480000, 0.257061, -0.159395, -0.306088
6.500000, 0.260195, -0.153741, -0.307330
6.520000, 0.263215, -0.148045, -0.308458
6.540000, 0.266120, -0.142309, -0.309470
6.560000, 0.268911, -0.136534, -0.310367
6.580000, 0.271585, -0.130724, -0.311149
6.600000, 0.274143, -0.124880, -0.311816
6.620000, 0.276584, -0.119005, -0.312368
6.640000, 0.278907, -0.113102, -0.312804
6.660000, 0.281112, -0.107172, -0.313126
6.680000, 0.283198, -0.101218, -0.313333
6.700000, 0.285165, -0.095242, -0.313425
6.720000, 0.287012, -0.089247, -0.313403
6.740000, 0.288738, -0.083235, -0.313267
6.760000, 0.290345, -0.077208, -0.313017
6.780000, 0.291831, -0.071168, -0.312654
6.800000, 0.293196, -0.065119, -0.312178
6.820000, 0.294439, -0.059061, -0.311589
6.840000, 0.295562, -0.052999, -0.310888
6.860000, 0.296563, -0.046933, -0.310076
6.880000, 0.297443, -0.040867, -0.309152
6.900000, 0.298202, -0.034802, -0.308119
6.920000, 0.298839, -0.028741, -0.306975
6.940000, 0.299356, -0.022687, -0.305722
6.960000, 0.299751, -0.016640, -0.304361
6.980000, 0.300025, -0.010605, -0.302893
7.000000, 0.300179, -0.004583, -0.301317
7.020000, 0.300213, 0.001424, -0.299636
7.040000, 0.300126, 0.007413, -0.297849
7.060000, 0.299920, 0.013383, -0.295958
7.080000, 0.299595, 0.019330, -0.293963
7.100000, 0.299151, 0.025253, -0.291866
7.120000, 0.298589, 0.031150, -0.289667
7.140000, 0.297910, 0.037018, -0.287368
7.160000, 0.297113, 0.042855, -0.284970
7.180000, 0.296200, 0.048659, -0.282474
7.200000, 0.295171, 0.054427, -0.279880
7.220000, 0.294027, 0.060159, -0.277190
7.240000, 0.292769, 0.065851, -0.274405
7.260000, 0.291397, 0.071502, -0.271527
7.280000, 0.289913, 0.077109, -0.268557
7.300000, 0.288317, 0.082670, -0.265495
7.320000, 0.286610, 0.088184, -0.262344
7.340000, 0.284794, 0.093649, -0.259104
7.360000, 0.282869, 0.099062, -0.255777
7.380000, 0.280836, 0.104421, -0.252364
7.400000, 0.278696, 0.109725, -0.248868
7.420000, 0.276451, 0.114972, -0.245288
7.440000, 0.274102, 0.120159, -0.241628
7.460000, 0.271649, 0.125286, -0.237887
7.480000, 0.269095, 0.130349, -0.234069
7.500000, 0.266440, 0.135348, -0.230173
7.520000, 0.263685, 0.140281, -0.226203
7.540000, 0.260833, 0.145146, -0.222159
7.560000, 0.257884, 0.149940, -0.218044
7.580000, 0.254840, 0.154664, -0.213858
7.600000, 0.251702, 0.159314, -0.209603
7.620000, 0.248472, 0.163889, -0.205282
7.640000, 0.245151, 0.168388, -0.200896
7.660000, 0.241741, 0.172810, -0.196447
7.680000, 0.238243, 0.177152, -0.191936
7.700000, 0.234659, 0.181413, -0.187365
7.720000, 0.230991, 0.185592, -0.182736
7.740000, 0.227240, 0.189687, -0.178051
7.760000, 0.223408, 0.193697, -0.173312
7.780000, 0.219497, 0.197621, -0.168520
7.800000, 0.215508, 0.201457, -0.163678
7.820000, 0.211443, 0.205204, -0.158787
7.840000, 0.207304, 0.208861, -0.153849
7.860000, 0.203093, 0.212427, -0.148866
7.880000, 0.198812, 0.215900, -0.143840
7.900000, 0.194462, 0.219279, -0.138773
7.920000, 0.190045, 0.222564, -0.133667
7.940000, 0.185564, 0.225753, -0.128524
7.960000, 0.181020, 0.228846, -0.123346
7.980000, 0.176415, 0.231840, -0.118134
8.000000, 0.171751, 0.234736, -0.112892
8.020000, 0.167030, 0.237533, -0.107620
8.040000, 0.162254, 0.240229, -0.102321
8.060000, 0.157425, 0.242824, -0.096996
8.080000, 0.152546, 0.245317, -0.091649
8.100000, 0.147617, 0.247708, -0.086280
8.120000, 0.142642, 0.249995, -0.080892
8.140000, 0.137622, 0.252178, -0.075487
8.160000, 0.132560, 0.254257, -0.070066
8.180000, 0.127457, 0.256231, -0.064633
8.200000, 0.122315, 0.258099, -0.059189
8.220000, 0.117138, 0.259861, -0.053735
8.240000, 0.111926, 0.261516, -0.048275
8.260000, 0.106682, 0.263064, -0.042810
8.280000, 0.101408, 0.264506, -0.037342
8.300000, 0.096106, 0.265839, -0.031873
8.320000, 0.090779, 0.267065, -0.026405
8.340000, 0.085428, 0.268183, -0.020940
8.360000, 0.080056, 0.269192, -0.015480
8.380000, 0.074665, 0.270094, -0.010028
8.400000, 0.069257, 0.270886, -0.004584
8.420000, 0.063835, 0.271570, 0.000848
8.440000, 0.058399, 0.272146, 0.006267
8.460000, 0.052953, 0.272613, 0.011670
8.480000, 0.047499, 0.272972, 0.017057
8.500000, 0.042039, 0.273222, 0.022425
8.520000, 0.036575, 0.273364, 0.027771
8.540000, 0.031109, 0.273398, 0.033095
8.560000, 0.025644, 0.273324, 0.038393
8.580000, 0.020181, 0.273143, 0.043665
8.600000, 0.014723, 0.272855, 0.048908
8.620000, 0.009272, 0.272460, 0.054121
8.640000, 0.003829, 0.271958, 0.059301
8.660000, -0.001602, 0.271350, 0.064446
8.680000, -0.007020, 0.270637, 0.069556
8.700000, -0.012423, 0.269819, 0.074627
8.720000, -0.017808, 0.268896, 0.079659
8.740000, -0.023174, 0.267870, 0.084648
8.760000, -0.028518, 0.266740, 0.089595
8.780000, -0.033839, 0.265508, 0.094496
8.800000, -0.039134, 0.264174, 0.099351
8.820000, -0.044401, 0.262738, 0.104156
8.840000, -0.049639, 0.261203, 0.108912
8.860000, -0.054845, 0.259568, 0.113615
8.880000, -0.060017, 0.257834, 0.118265
8.900000, -0.065153, 0.256002, 0.122859
8.920000, -0.070252, 0.254074, 0.127397
8.940000, -0.075312, 0.252050, 0.131876
8.960000, -0.080330, 0.249931, 0.136295
8.980000, -0.085304, 0.247718, 0.140653
9.000000, -0.090234, 0.245412, 0.144947
9.020000, -0.095116, 0.243014, 0.149177
9.040000, -0.099950, 0.240526, 0.153341
9.060000, -0.104732, 0.237949, 0.157438
9.080000, -0.109463, 0.235283, 0.161465
9.100000, -0.114139, 0.232531, 0.165423
9.120000, -0.118760, 0.229692, 0.169309
9.140000, -0.123322, 0.226770, 0.173122
9.160000, -0.127826, 0.223764, 0.176861
9.180000, -0.132268, 0.220677, 0.180524
9.200000, -0.136648, 0.217509, 0.184111
9.220000, -0.140964, 0.214262, 0.187620
9.240000, -0.145214, 0.210937, 0.191050
9.260000, -0.149397, 0.207537, 0.194400
9.280000, -0.153511, 0.204062, 0.197669
9.300000, -0.157555, 0.200514, 0.200855
9.320000, -0.161527, 0.196894, 0.203958
9.340000, -0.165426, 0.193205, 0.206977
9.360000, -0.169251, 0.189447, 0.209910
9.380000, -0.173000, 0.185622, 0.212757
9.400000, -0.176672, 0.181732, 0.215517
9.420000, -0.180265, 0.177779, 0.218189
9.440000, -0.183778, 0.173764, 0.220771
9.460000, -0.187211, 0.169688, 0.223265
9.480000, -0.190561, 0.165555, 0.225668
9.500000, -0.193829, 0.161364, 0.227979
9.520000, -0.197012, 0.157119, 0.230199
9.540000, -0.200109, 0.152821, 0.232326
9.560000, -0.203120, 0.148471, 0.234360
9.580000, -0.206044, 0.144072, 0.236300
9.600000, -0.208879, 0.139625, 0.238146
9.620000, -0.211624, 0.135132, 0.239898
9.640000, -0.214280, 0.130595, 0.241553
9.660000, -0.216844, 0.126016, 0.243113
9.680000, -0.219316, 0.121396, 0.244577
9.700000, -0.221695, 0.116739, 0.245945
9.720000, -0.223981, 0.112044, 0.247215
9.740000, -0.226173, 0.107315, 0.248388
9.760000, -0.228270, 0.102554, 0.249464
9.780000, -0.230271, 0.097761, 0.250443
9.800000, -0.232176, 0.092940, 0.251323
9.820000, -0.233984, 0.088092, 0.252105
9.840000, -0.235696, 0.083219, 0.252790
9.860000, -0.237309, 0.078323, 0.253376
9.880000, -0.238824, 0.073406, 0.253864
9.900000, -0.240241, 0.068470, 0.254253
9.920000, -0.241559, 0.063517, 0.254545
9.940000, -0.242778, 0.058548, 0.254738
9.960000, -0.243897, 0.053567, 0.254833
9.980000, -0.244916, 0.048574, 0.254831
10.000000, -0.245836, 0.043573, 0.254730
10.020000, -0.246655, 0.038564, 0.254533
10.040000, -0.247374, 0.033550, 0.254238
10.060000, -0.247993, 0.028532, 0.253846
10.080000, -0.248512, 0.023514, 0.253357
10.100000, -0.248930, 0.018496, 0.252772
10.120000, -0.249247, 0.013480, 0.252092
10.140000, -0.249465, 0.008469, 0.251316
10.160000, -0.249582, 0.003465, 0.250445
10.180000, -0.249600, -0.001531, 0.249479
10.200000, -0.249517, -0.006516, 0.248420
10.220000, -0.249335, -0.011489, 0.247267
10.240000, -0.249054, -0.016447, 0.246022
10.260000, -0.248673, -0.021389, 0.244684
10.280000, -0.248194, -0.026314, 0.243255
10.300000, -0.247617, -0.031218, 0.241736
10.320000, -0.246942, -0.036100, 0.240126
10.340000, -0.246169, -0.040959, 0.238427
10.360000, -0.245299, -0.045791, 0.236640
10.380000, -0.244333, -0.050597, 0.234765
10.400000, -0.243272, -0.055373, 0.232804
10.420000, -0.242115, -0.060118, 0.230757
10.440000, -0.240863, -0.064830, 0.228625
10.460000, -0.239518, -0.069507, 0.226409
10.480000, -0.238079, -0.074148, 0.224110
10.500000, -0.236548, -0.078750, 0.221729
10.520000, -0.234926, -0.083313, 0.219268
10.540000, -0.233212, -0.087833, 0.216726
10.560000, -0.231408, -0.092311, 0.214106
10.580000, -0.229516, -0.096743, 0.211409
10.600000, -0.227535, -0.101129, 0.208635
10.620000, -0.225467, -0.105466, 0.205786
10.640000, -0.223313, -0.109753, 0.202864
10.660000, -0.221073, -0.113989, 0.199868
10.680000, -0.218750, -0.118172, 0.196801
10.700000, -0.216343, -0.122299, 0.193664
10.720000, -0.213854, -0.126371, 0.190459
10.740000, -0.211284, -0.130385, 0.187185
10.760000, -0.208635, -0.134340, 0.183846
10.780000, -0.205907, -0.138234, 0.180442
10.800000, -0.203102, -0.142067, 0.176975
10.820000, -0.200221, -0.145835, 0.173446
10.840000, -0.197265, -0.149539, 0.169856
10.860000, -0.194236, -0.153177, 0.166208
10.880000, -0.191134, -0.156748, 0.162502
10.900000, -0.187962, -0.160250, 0.158740
10.920000, -0.184721, -0.163682, 0.154924
10.940000, -0.181411, -0.167042, 0.151055
10.960000, -0.178036, -0.170330, 0.147135
10.980000, -0.174595, -0.173545, 0.143165
11.000000, -0.171090, -0.176685, 0.139148
11.020000, -0.167524, -0.179750, 0.135083
11.040000, -0.163897, -0.182737, 0.130974
11.060000, -0.160211, -0.185647, 0.126822
11.080000, -0.156467, -0.188477, 0.122628
11.100000, -0.152668, -0.191228, 0.118395
11.120000, -0.148815, -0.193898, 0.114123
11.140000, -0.144909, -0.196487, 0.109815
11.160000, -0.140952, -0.198993, 0.105472
11.180000, -0.136946, -0.201415, 0.101097
11.200000, -0.132892, -0.203753, 0.096690
11.220000, -0.128792, -0.206006, 0.092253
11.240000, -0.124648, -0.208174, 0.087789
11.260000, -0.120462, -0.210255, 0.083299
11.280000, -0.116235, -0.212249, 0.078784
11.300000, -0.111968, -0.214155, 0.074247
11.320000, -0.107665, -0.215973, 0.069690
11.340000, -0.103326, -0.217702, 0.065113
11.360000, -0.098954, -0.219342, 0.060519
11.380000, -0.094549, -0.220891, 0.055911
11.400000, -0.090115, -0.222351, 0.051288
11.420000, -0.085652, -0.223719, 0.046654
11.440000, -0.081162, -0.224997, 0.042010
11.460000, -0.076648, -0.226182, 0.037358
11.480000, -0.072112, -0.227277, 0.032699
11.500000, -0.067554, -0.228279, 0.028036
11.520000, -0.062977, -0.229188, 0.023370
11.540000, -0.058383, -0.230006, 0.018703
11.560000, -0.053774, -0.230730, 0.014038
11.580000, -0.049150, -0.231362, 0.009374
11.600000, -0.044516, -0.231900, 0.004716
11.620000, -0.039871, -0.232346, 0.000063
11.640000, -0.035218, -0.232699, -0.004581
11.660000, -0.030560, -0.232959, -0.009216
11.680000, -0.025897, -0.233126, -0.013839
11.700000, -0.021231, -0.233200, -0.018449
11.720000, -0.016565, -0.233182, -0.023044
11.740000, -0.011901, -0.233071, -0.027622
11.760000, -0.007239, -0.232867, -0.032181
11.780000, -0.002583, -0.232572, -0.036720
11.800000, 0.002067, -0.232185, -0.041237
11.820000, 0.006708, -0.231706, -0.045731
11.840000, 0.011339, -0.231136, -0.050199
11.860000, 0.015957, -0.230475, -0.054640
11.880000, 0.020561, -0.229724, -0.059052
11.900000, 0.025149, -0.228883, -0.063434
11.920000, 0.029720, -0.227953, -0.067784
11.940000, 0.034271, -0.226933, -0.072100
11.960000, 0.038801, -0.225826, -0.076381
11.980000, 0.043307, -0.224630, -0.080625
12.000000, 0.047789, -0.223347, -0.084830
12.020000, 0.052245, -0.221978, -0.088996
12.040000, 0.056672, -0.220523, -0.093120
12.060000, 0.061069, -0.218982, -0.097201
12.080000, 0.065435, -0.217357, -0.101237
12.100000, 0.069767, -0.215649, -0.105228
12.120000, 0.074064, -0.213858, -0.109171
12.140000, 0.078325, -0.211985, -0.113064
12.160000, 0.082547, -0.210030, -0.116908
12.180000, 0.086729, -0.207996, -0.120699
12.200000, 0.090870, -0.205882, -0.124438
12.220000, 0.094968, -0.203690, -0.128121
12.240000, 0.099021, -0.201421, -0.131749
12.260000, 0.103028, -0.199075, -0.135320
12.280000, 0.106988, -0.196654, -0.138832
12.300000, 0.110898, -0.194159, -0.142285
12.320000, 0.114758, -0.191591, -0.145676
12.340000, 0.118565, -0.188951, -0.149005
12.360000, 0.122319, -0.186240, -0.152271
12.380000, 0.126018, -0.183459, -0.155472
12.400000, 0.129661, -0.180610, -0.158608
12.420000, 0.133246, -0.177694, -0.161676
12.440000, 0.136772, -0.174712, -0.164677
12.460000, 0.140238, -0.171666, -0.167609
12.480000, 0.143643, -0.168556, -0.170471
12.500000, 0.146984, -0.165384, -0.173261
12.520000, 0.150262, -0.162151, -0.175980
12.540000, 0.153474, -0.158859, -0.178626
12.560000, 0.156619, -0.155510, -0.181198
12.580000, 0.159698, -0.152104, -0.183695
12.600000, 0.162707, -0.148642, -0.186117
12.620000, 0.165647, -0.145128, -0.188463
12.640000, 0.168516, -0.141561, -0.190731
12.660000, 0.171313, -0.137943, -0.192921
12.680000, 0.174037, -0.134276, -0.195032
12.700000, 0.176688, -0.130562, -0.197065
12.720000, 0.179264, -0.126802, -0.199017
12.740000, 0.181764, -0.122997, -0.200888
12.760000, 0.184187, -0.119149, -0.202678
12.780000, 0.186533, -0.115260, -0.204387
12.800000, 0.188801, -0.111332, -0.206013
12.820000, 0.190990, -0.107365, -0.207556
12.840000, 0.193100, -0.103361, -0.209015
12.860000, 0.195129, -0.099323, -0.210391
12.880000, 0.197076, -0.095251, -0.211682
12.900000, 0.198942, -0.091148, -0.212889
12.920000, 0.200726, -0.087015, -0.214011
12.940000, 0.202427, -0.082854, -0.215048
12.960000, 0.204044, -0.078666, -0.215999
12.980000, 0.205577, -0.074454, -0.216865
13.000000, 0.207026, -0.070218, -0.217644
13.020000, 0.208390, -0.065961, -0.218338
13.040000, 0.209668, -0.061684, -0.218944
13.060000, 0.210861, -0.057389, -0.219465
13.080000, 0.211968, -0.053078, -0.219899
13.100000, 0.212988, -0.048752, -0.220247
13.120000, 0.213922, -0.044414, -0.220508
13.140000, 0.214769, -0.040064, -0.220682
13.160000, 0.215528, -0.035706, -0.220770
13.180000, 0.216201, -0.031339, -0.220772
13.200000, 0.216786, -0.026967, -0.220687
13.220000, 0.217283, -0.022590, -0.220516
13.240000, 0.217694, -0.018211, -0.220260
13.260000, 0.218016, -0.013832, -0.219917
13.280000, 0.218251, -0.009453, -0.219490
13.300000, 0.218398, -0.005077, -0.218977
13.320000, 0.218458, -0.000706, -0.218379
13.340000, 0.218430, 0.003659, -0.217697
13.360000, 0.218316, 0.008016, -0.216931
13.380000, 0.218114, 0.012363, -0.216081
13.400000, 0.217825, 0.016699, -0.215148
13.420000, 0.217450, 0.021022, -0.214132
13.440000, 0.216988, 0.025330, -0.213034
13.460000, 0.216441, 0.029622, -0.211854
13.480000, 0.215808, 0.033895, -0.210593
13.500000, 0.215089, 0.038149, -0.209252
13.520000, 0.214286, 0.042382, -0.207831
13.540000, 0.213398, 0.046591, -0.206331
13.560000, 0.212426, 0.050776, -0.204752
13.580000, 0.211371, 0.054934, -0.203095
13.600000, 0.210233, 0.059065, -0.201362
13.620000, 0.209013, 0.063165, -0.199552
13.640000, 0.207711, 0.067235, -0.197667
13.660000, 0.206328, 0.071273, -0.195707
13.680000, 0.204864, 0.075276, -0.193674
13.700000, 0.203321, 0.079243, -0.191567
13.720000, 0.201699, 0.083173, -0.189389
13.740000, 0.199998, 0.087064, -0.187140
13.760000, 0.198220, 0.090915, -0.184820
13.780000, 0.196366, 0.094724, -0.182432
13.800000, 0.194436, 0.098491, -0.179976
13.820000, 0.192431, 0.102212, -0.177453
13.840000, 0.190351, 0.105888, -0.174864
13.860000, 0.188199, 0.109516, -0.172211
13.880000, 0.185975, 0.113095, -0.169493
13.900000, 0.183680, 0.116625, -0.166714
13.920000, 0.181314, 0.120103, -0.163873
13.940000, 0.178880, 0.123528, -0.160972
13.960000, 0.176378, 0.126900, -0.158012
13.980000, 0.173808, 0.130216, -0.154994
14.000000, 0.171173, 0.133475, -0.151920
14.020000, 0.168474, 0.136677, -0.148791
14.040000, 0.165711, 0.139820, -0.145608
14.060000, 0.162885, 0.142903, -0.142372
14.080000, 0.159999, 0.145925, -0.139085
14.100000, 0.157053, 0.148884, -0.135749
14.120000, 0.154048, 0.151781, -0.132364
14.140000, 0.150986, 0.154612, -0.128931
14.160000, 0.147868, 0.157379, -0.125454
14.180000, 0.144695, 0.160078, -0.121931
14.200000, 0.141469, 0.162711, -0.118366
14.220000, 0.138191, 0.165275, -0.114760
14.240000, 0.134863, 0.167769, -0.111114
14.260000, 0.131485, 0.170194, -0.107429
14.280000, 0.128060, 0.172547, -0.103707
14.300000, 0.124588, 0.174829, -0.099950
14.320000, 0.121071, 0.177038, -0.096159
14.340000, 0.117511, 0.179173, -0.092335
14.360000, 0.113908, 0.181235, -0.088481
14.380000, 0.110266, 0.183221, -0.084597
14.400000, 0.106584, 0.185132, -0.080685
14.420000, 0.102865, 0.186966, -0.076747
14.440000, 0.099110, 0.188724, -0.072785
14.460000, 0.095321, 0.190404, -0.068799
14.480000, 0.091498, 0.192006, -0.064792
14.500000, 0.087645, 0.193529, -0.060765
14.520000, 0.083762, 0.194974, -0.056720
14.540000, 0.079850, 0.196339, -0.052657
14.560000, 0.075913, 0.197624, -0.048580
14.580000, 0.071950, 0.198829, -0.044490
14.600000, 0.067964, 0.199953, -0.040387
14.620000, 0.063956, 0.200996, -0.036274
14.640000, 0.059929, 0.201957, -0.032153
14.660000, 0.055883, 0.202837, -0.028024
14.680000, 0.051820, 0.203635, -0.023890
14.700000, 0.047742, 0.204351, -0.019753
14.720000, 0.043650, 0.204985, -0.015613
14.740000, 0.039547, 0.205536, -0.011472
14.760000, 0.035433, 0.206005, -0.007333
14.780000, 0.031311, 0.206392, -0.003196
14.800000, 0.027182, 0.206696, 0.000936
14.820000, 0.023048, 0.206917, 0.005062
14.840000, 0.018910, 0.207055, 0.009181
14.860000, 0.014770, 0.207111, 0.013291
14.880000, 0.010630, 0.207085, 0.017390
14.900000, 0.006492, 0.206976, 0.021477
14.920000, 0.002356, 0.206785, 0.025550
14.940000, -0.001775, 0.206512, 0.029607
14.960000, -0.005900, 0.206158, 0.033648
14.980000, -0.010017, 0.205721, 0.037670
15.000000, -0.014124, 0.205204, 0.041672
15.020000, -0.018221, 0.204606, 0.045652
15.040000, -0.022304, 0.203927, 0.049609
15.060000, -0.026373, 0.203168, 0.053541
15.080000, -0.030426, 0.202329, 0.057447
15.100000, -0.034462, 0.201410, 0.061325
15.120000, -0.038478, 0.200413, 0.065175
15.140000, -0.042474, 0.199337, 0.068993
15.160000, -0.046447, 0.198184, 0.072780
15.180000, -0.050397, 0.196953, 0.076533
15.200000, -0.054321, 0.195645, 0.080250
15.220000, -0.058218, 0.194262, 0.083932
15.240000, -0.062087, 0.192803, 0.087576
15.260000, -0.065926, 0.191269, 0.091180
15.280000, -0.069733, 0.189661, 0.094745
15.300000, -0.073508, 0.187979, 0.098267
15.320000, -0.077248, 0.186226, 0.101746
15.340000, -0.080952, 0.184400, 0.105181
15.360000, -0.084619, 0.182503, 0.108570
15.380000, -0.088248, 0.180536, 0.111912
15.400000, -0.091836, 0.178500, 0.115205
15.420000, -0.095383, 0.176396, 0.118449
15.440000, -0.098888, 0.174224, 0.121643
15.460000, -0.102348, 0.171986, 0.124784
15.480000, -0.105763, 0.169682, 0.127872
15.500000, -0.109131, 0.167313, 0.130907
15.520000, -0.112451, 0.164881, 0.133885
15.540000, -0.115721, 0.162387, 0.136808
15.560000, -0.118942, 0.159831, 0.139673
15.580000, -0.122110, 0.157215, 0.142479
15.600000, -0.125226, 0.154540, 0.145226
15.620000, -0.128288, 0.151806, 0.147912
15.640000, -0.131294, 0.149016, 0.150537
15.660000, -0.134244, 0.146170, 0.153099
15.680000, -0.137136, 0.143270, 0.155598
15.700000, -0.139970, 0.140316, 0.158032
15.720000, -0.142745, 0.137310, 0.160401
15.740000, -0.145458, 0.134253, 0.162704
15.760000, -0.148110, 0.131147, 0.164941
15.780000, -0.150700, 0.127993, 0.167109
15.800000, -0.153226, 0.124791, 0.169209
15.820000, -0.155687, 0.121544, 0.171240
15.840000, -0.158083, 0.118253, 0.173202
15.860000, -0.160413, 0.114919, 0.175092
15.880000, -0.162676, 0.111544, 0.176911
15.900000, -0.164870, 0.108128, 0.178659
15.920000, -0.166997, 0.104673, 0.180334
15.940000, -0.169053, 0.101182, 0.181936
15.960000, -0.171040, 0.097654, 0.183464
15.980000, -0.172955, 0.094092, 0.184919
16.000000, -0.174799, 0.090497, 0.186299
16.020000, -0.176571, 0.086871, 0.187604
16.040000, -0.178270, 0.083214, 0.188833
16.060000, -0.179895, 0.079529, 0.189987
16.080000, -0.181447, 0.075817, 0.191064
16.100000, -0.182924, 0.072079, 0.192065
16.120000, -0.184326, 0.068318, 0.192989
16.140000, -0.185652, 0.064534, 0.193837
16.160000, -0.186903, 0.060729, 0.194606
16.180000, -0.188077, 0.056904, 0.195299
16.200000, -0.189175, 0.053061, 0.195913
16.220000, -0.190196, 0.049203, 0.196450
16.240000, -0.191139, 0.045329, 0.196909
16.260000, -0.192005, 0.041442, 0.197290
16.280000, -0.192793, 0.037544, 0.197593
16.300000, -0.193502, 0.033635, 0.197817
16.320000, -0.194134, 0.029718, 0.197964
16.340000, -0.194687, 0.025794, 0.198032
16.360000, -0.195162, 0.021864, 0.198022
16.380000, -0.195558, 0.017930, 0.197935
16.400000, -0.195875, 0.013995, 0.197769
16.420000, -0.196113, 0.010058, 0.197526
16.440000, -0.196273, 0.006122, 0.197206
16.460000, -0.196354, 0.002189, 0.196808
16.480000, -0.196357, -0.001740, 0.196333
16.500000, -0.196281, -0.005664, 0.195782
16.520000, -0.196126, -0.009581, 0.195154
16.540000, -0.195894, -0.013489, 0.194450
16.560000, -0.195583, -0.017387, 0.193671
16.580000, -0.195194, -0.021274, 0.192816
16.600000, -0.194728, -0.025147, 0.191886
16.620000, -0.194184, -0.029006, 0.190882
16.640000, -0.193564, -0.032848, 0.189804
16.660000, -0.192867, -0.036672, 0.188652
16.680000, -0.192093, -0.040478, 0.187428
16.700000, -0.191244, -0.044262, 0.186131
16.720000, -0.190319, -0.048025, 0.184762
16.740000, -0.189319, -0.051764, 0.183322
16.760000, -0.188244, -0.055477, 0.181812
16.780000, -0.187096, -0.059164, 0.180232
16.800000, -0.185874, -0.062823, 0.178583
16.820000, -0.184579, -0.066453, 0.176866
16.840000, -0.183212, -0.070052, 0.175080
16.860000, -0.181773, -0.073618, 0.173228
16.880000, -0.180263, -0.077151, 0.171310
16.900000, -0.178683, -0.080649, 0.169327
16.920000, -0.177034, -0.084111, 0.167280
16.940000, -0.175315, -0.087535, 0.165169
16.960000, -0.173529, -0.090920, 0.162995
16.980000, -0.171675, -0.094265, 0.160760
17.000000, -0.169754, -0.097568, 0.158464
17.020000, -0.167768, -0.100829, 0.156108
17.040000, -0.165717, -0.104046, 0.153694
17.060000, -0.163603, -0.107217, 0.151222
17.080000, -0.161425, -0.110342, 0.148693
17.100000, -0.159185, -0.113419, 0.146108
17.120000, -0.156885, -0.116447, 0.143469
17.140000, -0.154524, -0.119426, 0.140777
17.160000, -0.152104, -0.122353, 0.138032
17.180000, -0.149626, -0.125228, 0.135236
17.200000, -0.147091, -0.128050, 0.132390
17.220000, -0.144500, -0.130817, 0.129495
17.240000, -0.141855, -0.133529, 0.126553
17.260000, -0.139156, -0.136185, 0.123564
17.280000, -0.136404, -0.138783, 0.120529
17.300000, -0.133601, -0.141323, 0.117451
17.320000, -0.130747, -0.143804, 0.114330
17.340000, -0.127845, -0.146225, 0.111168
17.360000, -0.124895, -0.148584, 0.107965
17.380000, -0.121898, -0.150881, 0.104724
17.400000, -0.118856, -0.153116, 0.101445
17.420000, -0.115770, -0.155287, 0.098130
17.440000, -0.112641, -0.157394, 0.094780
17.460000, -0.109470, -0.159435, 0.091396
17.480000, -0.106260, -0.161411, 0.087980
17.500000, -0.103010, -0.163320, 0.084534
17.520000, -0.099723, -0.165162, 0.081058
17.540000, -0.096400, -0.166935, 0.077554
17.560000, -0.093043, -0.168641, 0.074024
17.580000, -0.089651, -0.170277, 0.070468
17.600000, -0.086228, -0.171843, 0.066889
17.620000, -0.082774, -0.173339, 0.063287
17.640000, -0.079291, -0.174764, 0.059665
17.660000, -0.075780, -0.176118, 0.056023
17.680000, -0.072243, -0.177400, 0.052363
17.700000, -0.068680, -0.178610, 0.048687
17.720000, -0.065095, -0.179747, 0.044996
17.740000, -0.061487, -0.180811, 0.041291
17.760000, -0.057859, -0.181802, 0.037574
17.780000, -0.054211, -0.182720, 0.033847
17.800000, -0.050546, -0.183563, 0.030110
17.820000, -0.046865, -0.184333, 0.026366
17.840000, -0.043170, -0.185028, 0.022615
17.860000, -0.039461, -0.185649, 0.018860
17.880000, -0.035740, -0.186194, 0.015102
17.900000, -0.032009, -0.186665, 0.011342
17.920000, -0.028270, -0.187061, 0.007582
17.940000, -0.024524, -0.187382, 0.003822
17.960000, -0.020771, -0.187628, 0.000066
17.980000, -0.017015, -0.187799, -0.003686
18.000000, -0.013256, -0.187895, -0.007433
18.020000, -0.009496, -0.187916, -0.011172
18.040000, -0.005736, -0.187861, -0.014903
18.060000, -0.001978, -0.187732, -0.018623
18.080000, 0.001777, -0.187529, -0.022332
18.100000, 0.005527, -0.187250, -0.026029
18.120000, 0.009271, -0.186897, -0.029711
18.140000, 0.013006, -0.186471, -0.033377
18.160000, 0.016733, -0.185970, -0.037025
18.180000, 0.020449, -0.185396, -0.040655
18.200000, 0.024152, -0.184748, -0.044265
18.220000, 0.027842, -0.184027, -0.047854
18.240000, 0.031517, -0.183234, -0.051419
18.260000, 0.035175, -0.182369, -0.054961
18.280000, 0.038815, -0.181432, -0.058476
18.300000, 0.042436, -0.180423, -0.061965
18.320000, 0.046036, -0.179344, -0.065426
18.340000, 0.049613, -0.178194, -0.068856
18.360000, 0.053167, -0.176975, -0.072256
18.380000, 0.056696, -0.175686, -0.075624
18.400000, 0.060198, -0.174328, -0.078957
18.420000, 0.063672, -0.172903, -0.082257
18.440000, 0.067118, -0.171410, -0.085520
18.460000, 0.070532, -0.169850, -0.088745
18.480000, 0.073915, -0.168225, -0.091932
18.500000, 0.077265, -0.166534, -0.095079
18.520000, 0.080580, -0.164778, -0.098185
18.540000, 0.083860, -0.162959, -0.101249
18.560000, 0.087102, -0.161076, -0.104270
18.580000, 0.090306, -0.159131, -0.107246
18.600000, 0.093471, -0.157125, -0.110177
18.620000, 0.096595, -0.155059, -0.113061
18.640000, 0.099677, -0.152933, -0.115897
18.660000, 0.102716, -0.150748, -0.118684
18.680000, 0.105710, -0.148505, -0.121421
18.700000, 0.108659, -0.146205, -0.124107
18.720000, 0.111562, -0.143850, -0.126741
18.740000, 0.114417, -0.141440, -0.129323
18.760000, 0.117223, -0.138975, -0.131850
18.780000, 0.119980, -0.136458, -0.134323
18.800000, 0.122685, -0.133890, -0.136740
18.820000, 0.125339, -0.131270, -0.139100
18.840000, 0.127940, -0.128601, -0.141402
18.860000, 0.130487, -0.125884, -0.143647
18.880000, 0.132979, -0.123119, -0.145832
18.900000, 0.135415, -0.120308, -0.147957
18.920000, 0.137795, -0.117452, -0.150021
18.940000, 0.140117, -0.114552, -0.152024
18.960000, 0.142381, -0.111610, -0.153964
18.980000, 0.144585, -0.108626, -0.155842
19.000000, 0.146729, -0.105601, -0.157656
19.020000, 0.148813, -0.102538, -0.159406
19.040000, 0.150835, -0.099437, -0.161090
19.060000, 0.152794, -0.096300, -0.162710
19.080000, 0.154690, -0.093128, -0.164263
19.100000, 0.156523, -0.089922, -0.165749
19.120000, 0.158291, -0.086683, -0.167169
19.140000, 0.159994, -0.083413, -0.168521
19.160000, 0.161631, -0.080113, -0.169804
19.180000, 0.163202, -0.076785, -0.171020
19.200000, 0.164707, -0.073429, -0.172166
19.220000, 0.166143, -0.070048, -0.173243
19.240000, 0.167512, -0.066642, -0.174250
19.260000, 0.168813, -0.063213, -0.175188
19.280000, 0.170045, -0.059762, -0.176055
19.300000, 0.171207, -0.056291, -0.176851
19.320000, 0.172300, -0.052801, -0.177577
19.340000, 0.173323, -0.049294, -0.178231
19.360000, 0.174276, -0.045771, -0.178815
19.380000, 0.175158, -0.042233, -0.179327
19.400000, 0.175969, -0.038682, -0.179767
19.420000, 0.176709, -0.035119, -0.180136
19.440000, 0.177378, -0.031545, -0.180434
19.460000, 0.177975, -0.027963, -0.180659
19.480000, 0.178500, -0.024373, -0.180813
19.500000, 0.178954, -0.020777, -0.180895
19.520000, 0.179335, -0.017177, -0.180906
19.540000, 0.179645, -0.013573, -0.180844
19.560000, 0.179882, -0.009967, -0.180712
19.580000, 0.180048, -0.006361, -0.180508
19.600000, 0.180141, -0.002757, -0.180232
19.620000, 0.180162, 0.000846, -0.179886
19.640000, 0.180111, 0.004444, -0.179469
19.660000, 0.179988, 0.008037, -0.178981
19.680000, 0.179794, 0.011623, -0.178422
19.700000, 0.179527, 0.015201, -0.177794
19.720000, 0.179190, 0.018769, -0.177096
19.740000, 0.178781, 0.022326, -0.176329
19.760000, 0.178301, 0.025870, -0.175492
19.780000, 0.177750, 0.029401, -0.174587
19.800000, 0.177129, 0.032917, -0.173614
19.820000, 0.176437, 0.036416, -0.172573
19.840000, 0.175676, 0.039897, -0.171464
19.860000, 0.174846, 0.043358, -0.170289
19.880000, 0.173946, 0.046799, -0.169048
19.900000, 0.172978, 0.050217, -0.167741
19.920000, 0.171941, 0.053613, -0.166369
19.940000, 0.170837, 0.056983, -0.164932
19.960000, 0.169666, 0.060328, -0.163431
19.980000, 0.168428, 0.063645, -0.161868
